77.0
69.33333333333333
46.0
50.666666666666664
72.33333333333333
62.333333333333336
51.0
59.0
64.0
45.666666666666664
59.333333333333336
29.666666666666668
55.666666666666664
61.0
73.33333333333333
81.33333333333333
62.333333333333336
52.0
65.66666666666667
53.666666666666664
52.666666666666664
39.0
57.333333333333336
88.0
61.666666666666664
82.0
79.33333333333333
78.33333333333333
47.333333333333336
83.66666666666667
64.33333333333333
78.33333333333333
89.66666666666667
44.0
58.333333333333336
78.0
48.0
73.66666666666667
43.666666666666664
66.66666666666667
49.0
40.333333333333336
67.0
64.66666666666667
59.0
54.333333333333336
63.666666666666664
78.33333333333333
61.666666666666664
66.33333333333333
81.66666666666667
32.666666666666664
76.33333333333333
62.333333333333336
75.0
56.666666666666664
67.66666666666667
68.66666666666667
47.666666666666664
64.33333333333333
52.333333333333336
59.333333333333336
84.66666666666667
64.33333333333333
71.33333333333333
62.333333333333336
56.0
49.0
69.66666666666667
74.66666666666667
38.666666666666664
52.333333333333336
65.66666666666667
42.666666666666664
56.666666666666664
63.666666666666664
61.333333333333336
81.66666666666667
71.33333333333333
65.66666666666667
58.333333333333336
79.0
66.0
80.0
75.66666666666667
57.333333333333336
83.0
54.333333333333336
66.0
44.0
64.33333333333333
55.333333333333336
57.666666666666664
49.333333333333336
70.0
54.0
78.66666666666667
59.0
71.66666666666667
60.666666666666664
45.333333333333336
54.333333333333336
48.666666666666664
67.33333333333333
58.666666666666664
69.0
91.33333333333333
91.0
67.66666666666667
51.0
77.33333333333333
78.0
59.333333333333336
62.333333333333336
70.33333333333333
53.0
69.66666666666667
55.0
61.0
72.0
62.333333333333336
62.0
74.0
69.33333333333333
57.666666666666664
66.66666666666667
47.333333333333336
64.0
63.666666666666664
45.333333333333336
85.33333333333333
43.333333333333336
65.66666666666667
58.666666666666664
81.66666666666667
54.333333333333336
79.33333333333333
50.666666666666664
64.66666666666667
76.0
58.333333333333336
48.0
46.333333333333336
79.0
72.0
65.33333333333333
66.66666666666667
61.666666666666664
55.333333333333336
65.66666666666667
58.0
61.333333333333336
28.333333333333332
54.0
62.333333333333336
63.16129032258065 62.096774193548384 63.00645161290323